modelRho=0.5
modelCsByC=0.003594347
modelCuByC=0.001626119
modelAavg=4.0
